.Random.seed <-
c(10403L, 10L, -1228318081L, 742343125L, 1007001580L, 1663402306L, 
1932344989L, 1778817815L, 471108222L, -489235912L, -29942501L, 
-1901507975L, 825280200L, 457170678L, 1909700401L, -681529501L, 
-1014053582L, -62482812L, 1496285895L, 607117725L, -2038192876L, 
-1193612358L, 438459909L, -1132453921L, 556471910L, 1846526448L, 
-1908846829L, -1916612431L, 492139360L, 1695359230L, -1693970295L, 
147996603L, -2029237878L, -1385203604L, 856136175L, 1278202405L, 
-1346337060L, -1449681742L, 513339309L, 819557223L, -125103986L, 
683863400L, 513994091L, -30916855L, -1797631592L, 566835398L, 
-1259353567L, -66121037L, 1010802722L, 891714068L, 1530510999L, 
2028646541L, -1837120092L, -304429174L, -792845323L, -813430193L, 
-2097214122L, 1557374976L, -1468565181L, -791956255L, 1260129872L, 
499618478L, 1428092505L, 822656619L, -84528166L, -1664392036L, 
-1149866337L, 384017653L, -140687988L, 1697300578L, -121647043L, 
1619610295L, -257756834L, -1092896616L, -1786231813L, 372109721L, 
-988655064L, -1992334634L, 1158711121L, 1426893315L, -612016750L, 
1252829988L, -1232433689L, -1565783491L, -1096940364L, -1052572902L, 
371157093L, 1895481599L, 553841030L, 2117281552L, -1310022733L, 
730849361L, -130583552L, -2113997602L, -1141733591L, 260807387L, 
488894954L, -351848052L, -1175470385L, 1282916997L, 145824060L, 
-992574446L, 1496328973L, -691259321L, 636967470L, 1724826504L, 
1422069387L, 816046185L, -237376456L, 501079270L, 1438770305L, 
526890003L, 870884290L, 1827650676L, -1641950601L, 1521068909L, 
-2092069884L, -2090768598L, 1011496085L, 843424559L, -950513098L, 
-99457440L, -1377569629L, 580952001L, -140526672L, 44359374L, 
-664511431L, -1666465205L, 1479358458L, -903572740L, -1696131265L, 
-1567270891L, -1286755540L, -775577598L, 1631398621L, -816893481L, 
-1541063490L, 525784824L, -1064819493L, -872671431L, 463602312L, 
-899111370L, 1301280369L, 1187398819L, -1479291406L, -784786108L, 
-150069753L, 393976797L, -1173998380L, -1654600710L, 758750021L, 
-2065834081L, -2080713434L, 1641340336L, -1595427245L, -1889775247L, 
-1197860704L, -599676866L, -762536119L, 1145357819L, 41585098L, 
816506668L, 343160623L, 1585665509L, 1183119516L, 1516088562L, 
-970103443L, -57089369L, 639634638L, 1102602792L, -1459924437L, 
-1039140791L, 458058072L, -877940730L, -2049121823L, 1265486707L, 
399687650L, 2120095572L, -1401857449L, 1372166733L, 835280356L, 
1075017674L, -1853334987L, -1724505969L, 1653817750L, 2142641472L, 
-278573053L, 1174671905L, -1587383024L, -1110557970L, 1025525401L, 
-1459771605L, -1314725350L, -2038980388L, 1611963615L, -1449104715L, 
253566028L, -883130206L, -179478531L, -1461117705L, -198497762L, 
2011653336L, -2092943301L, 366666201L, -1393379480L, 1415363222L, 
-1749777391L, -315935293L, 411146706L, 1496420452L, 696176551L, 
-1678278403L, -512756492L, 446665690L, 402966309L, 967855679L, 
1638053318L, -2131029424L, 1081994867L, -579378543L, -3761472L, 
2053422238L, 627241065L, -1938854757L, 1186899370L, 1160299980L, 
-1844172657L, 1020127429L, 1158424700L, 904680072L, 757090106L, 
-1523802288L, 1651985516L, -87937644L, 1520438354L, -951674400L, 
-2097785652L, 393703584L, -1269651070L, -2105788184L, 1149919980L, 
-1275726532L, -824243086L, 1715995760L, -1560941532L, -1380687816L, 
1751845658L, 571784400L, -1521042628L, -1697405036L, -2111361150L, 
-1584343616L, 184934972L, 1200486800L, -1266509278L, -494539512L, 
1631132300L, 2101098268L, 1185697938L, 671736192L, -419806700L, 
-18824408L, 288745018L, 537426384L, -495536788L, -1680043084L, 
745929746L, 695169504L, 356090828L, -768364320L, -192092126L, 
835362088L, 999683596L, 1283236668L, -1852713998L, -66773264L, 
822020676L, -1475211688L, 1039323962L, 2117620208L, -1273225540L, 
1607417108L, -737395006L, 1891467360L, 827475836L, 1221450704L, 
-1072120542L, -1470888280L, 2056481676L, -2067628868L, 573220658L, 
1158566464L, -1502152524L, 613599816L, 1257987514L, 325210640L, 
1060642540L, 1430261076L, 1222825234L, 491092384L, -1085235508L, 
2134050400L, 704222146L, 343311144L, -1466082388L, -111866052L, 
375741810L, 374411056L, 74683684L, 325622584L, -84312358L, 802415504L, 
-1111901444L, -2062920812L, 336760898L, -757792512L, 358069308L, 
114099536L, 1570603170L, 2108243272L, -1999308020L, 733242076L, 
213664082L, -1052606336L, -583209900L, 1836661736L, 1779471610L, 
-2028331184L, -1396347092L, -2045043340L, -1474035822L, -436061088L, 
1903523212L, -1302770848L, 1693804002L, 1531618216L, 585900236L, 
-331981828L, 818606514L, -720699920L, 551509956L, 1699684696L, 
467776890L, 1411088304L, -1926064708L, -1973263276L, 982919106L, 
173971488L, -57907012L, 1455707728L, 929746914L, 664926312L, 
1559994444L, 722076924L, -891258894L, -1447662336L, -513837708L, 
1198385160L, -389803078L, 1172661712L, -1714032660L, -516387436L, 
-569755182L, 1620648288L, 1009765196L, 1974630688L, -334801022L, 
-760617240L, -657411860L, -1175840708L, 1244852082L, 1185107568L, 
-687637468L, 2065135416L, 1984414874L, 1853579984L, -140621636L, 
-376535404L, -1081602430L, 713132224L, 2093924156L, 1044447376L, 
-1919252958L, 149818376L, -304026356L, 2019417244L, 1303208466L, 
-1359383680L, 1296250388L, -932649432L, 1654754618L, -1706707504L, 
2020188268L, 198571316L, -1427144046L, -762902688L, 2081898316L, 
461127648L, -1030919262L, -541344856L, -1706346100L, 494957756L, 
815915378L, -1535467280L, 87662660L, 940608856L, 1857528378L, 
-777408656L, 1177885756L, 78977812L, -280160830L, -332372256L, 
2104726396L, 952767184L, 1943528610L, 749652008L, -564831988L, 
-280263748L, -1990191822L, 935440832L, -2138688972L, -540260408L, 
-7891782L, -706111088L, -548372L, 1397575252L, -478425966L, 615029536L, 
44896716L, 1944931808L, 471768770L, 1041440808L, 470544044L, 
2144555196L, -812321294L, -1861661392L, 957707428L, -241265992L, 
-760338086L, 1282806160L, 845692796L, -810297068L, 1140850498L, 
-1745125632L, -2123332676L, -59929776L, -1865756894L, 1990657352L, 
278750732L, -925552548L, -1432569646L, -1192778240L, 1356327252L, 
1949234664L, 1684100090L, -1625834288L, 642637686L, -1900384893L, 
-695220283L, -962757406L, -1242281648L, -1781000071L, -758146133L, 
1843478812L, 1086260810L, 1562444351L, -332966263L, -1347321186L, 
-316137652L, 819713821L, 1951577767L, 1991278032L, -550886034L, 
-1493477349L, 785119613L, 392142698L, -1014248952L, 1842556593L, 
-287364829L, -574268892L, 1407537362L, 2082720039L, -872553615L, 
-462876234L, 222472532L, -32339995L, 1106571759L, 907557160L, 
-1750888058L, -1057530445L, 935100693L, 506213234L, -578568256L, 
-1366216663L, 854813851L, -355669652L, -1511243398L, 1656165039L, 
551659961L, -2025311282L, 1535273756L, 668369549L, -1358411017L, 
-1426055680L, -262916002L, -771230933L, 68001837L, 558057626L, 
534191192L, 1665862593L, 367748211L, -597267052L, 173937698L, 
953074487L, -1763547647L, -133748986L, -719742140L, -453357963L, 
1399500767L, 1914790712L, 1362011414L, -1692853981L, 1437721317L, 
-834237694L, 1592836464L, -218158823L, 613198091L, 1887955452L, 
1232781866L, -861744545L, 399348201L, 1041709822L, -660180244L, 
-1002266051L, 2100068871L, -577255952L, 913565070L, 2027453371L, 
999052701L, 104954698L, -457375896L, -32018095L, -229940669L, 
-1048713404L, 1760185330L, -2020671033L, 2140403601L, 31866646L, 
3631988L, -593448443L, -1854799281L, 880287304L, 1648484326L, 
-1960218349L, -1861116299L, 1210553426L, -1072931168L, 600595337L, 
-1780734021L, -1000560628L, -991386214L, -110836465L, 534621017L, 
-625740306L, -450998148L, -2132478739L, -1245863017L, -656458656L, 
1594179134L, -1833937141L, 1735650701L, 1482495674L, -364743432L, 
-2001960287L, 2108482131L, 844250484L, 856388354L, -1619364969L, 
1915794785L, -1229048410L, 266995620L, 2031018581L, -971115777L, 
1004132248L, 646535350L, 1412419L, 1703742597L, 714601762L, -213508592L, 
392125881L, 1396563563L, -1640386212L, 1198917770L, 1740456063L, 
-891096631L, 448213598L, -1444779764L, -1501016867L, 413501927L, 
623686160L, 904490798L, -1350102053L, 455599293L, 449762858L, 
